0
0
0
0
0
0
0
0
0
0
0
0
0
0
0
0
0
0
0
0
0
0
0
0
0
0
0
0
0
0
0
0
0
0
0
0
0
0
0
0
0
0
0
0
0
0
0
0
0
0
0
0
0
0
0
0
0
0
0
0
0
0
0
0
0
0
0
0
12
22
52
89
108
116
84
47
21
0
0
0
0
0
0
0
0
0
0
0
0
0
0
0
12
25
30
34
40
46
63
93
108
116
84
47
21
0
0
0
0
0
0
0
0
0
0
0
0
0
0
16
38
65
87
89
70
53
64
93
108
124
101
64
38
26
0
0
0
0
0
0
0
0
0
0
0
0
12
33
71
102
123
99
70
53
64
93
108
141
173
137
111
72
19
0
0
0
0
0
0
0
0
0
0
12
24
64
103
134
138
99
66
41
39
66
100
103
167
168
158
124
35
0
0
0
0
0
0
0
0
0
0
21
43
90
129
143
115
69
36
19
12
0
0
51
145
219
221
196
78
17
0
0
0
0
0
0
0
0
12
31
66
108
118
94
52
23
12
0
0
0
0
44
129
238
255
236
125
36
0
0
0
0
0
0
0
0
13
42
83
99
98
57
24
0
0
0
0
0
0
19
63
175
229
228
171
58
12
0
0
0
0
0
0
0
25
64
89
90
76
31
12
0
0
0
0
0
0
0
33
115
213
222
210
107
32
0
0
0
0
0
0
0
41
82
89
89
54
21
0
0
0
0
0
0
0
0
12
54
166
198
198
153
58
0
0
0
0
0
0
12
62
94
94
94
37
12
0
0
0
0
0
0
0
0
0
25
128
176
176
166
81
0
0
0
0
0
0
24
86
103
103
100
35
0
0
0
0
0
0
0
0
0
0
12
105
170
170
170
121
0
0
0
0
0
0
37
95
102
102
95
24
0
0
0
0
0
0
0
0
0
0
0
117
157
157
157
141
0
0
0
0
0
0
57
95
97
97
85
17
0
0
0
0
0
0
0
0
0
0
0
105
135
135
135
124
0
0
0
0
0
0
80
93
93
93
84
0
0
0
0
0
0
0
0
0
0
0
0
89
137
137
137
107
0
0
0
0
0
0
87
88
88
88
87
0
0
0
0
0
0
0
0
0
0
0
0
90
126
126
126
78
0
0
0
0
0
0
78
85
85
85
78
12
0
0
0
0
0
0
0
0
0
0
24
107
129
129
122
45
0
0
0
0
0
0
57
88
94
94
83
20
0
0
0
0
0
0
0
0
0
0
39
130
140
140
113
38
0
0
0
0
0
0
33
70
96
97
90
31
12
0
0
0
0
0
0
0
0
16
49
129
133
127
85
25
0
0
0
0
0
0
12
49
94
108
106
58
19
12
0
0
0
0
0
0
17
38
84
139
135
101
56
12
0
0
0
0
0
0
0
34
75
94
120
102
58
40
29
15
0
0
0
18
25
61
100
115
99
57
31
0
0
0
0
0
0
0
0
21
46
65
98
131
116
108
89
56
47
62
52
61
84
112
119
88
62
25
17
0
0
0
0
0
0
0
0
12
24
38
71
111
117
114
107
79
57
70
62
85
108
117
102
66
41
15
0
0
0
0
0
0
0
0
0
0
0
14
38
79
103
113
107
79
57
70
62
85
104
84
65
32
18
0
0
0
0
0
0
0
0
0
0
0
0
0
24
40
58
74
93
78
57
70
62
81
89
61
43
19
0
0
0
0
0
0
0
0
0
0
0
0
0
0
0
0
12
17
37
48
49
67
57
51
48
25
18
0
0
0
0
0
0
0
0
